bs,type,fenqi_cycle,fenqi,migration_rate,migration_lose,risk_rate,risk_lose
laifenqi,5,2,12,1.0,14.7597127765,1.0,47.7031140945
laifenqi,5,1,1,1.0,359.572649888,1.0,1016.78308813
laifenqi,5,2,1,1.0,724.360688476,1.0,710.27832597
laifenqi,5,2,3,1.0,371.641402572,1.04377320918,216.412851884
laifenqi,5,2,6,1.0,558.955641544,1.17252963796,265.659450402
laifenqi,5,2,9,1.0,10.6798802246,1.0,67.1685495504
laifenqi,6,2,2,1.0,138.28159746,1.0,246.031319376
laifenqi,6,2,3,1.0,132.13916477,1.0,266.997698061
laifenqi,8,2,6,1.0,33.0638031377,1.049,31.5109402815
laifenqi,6,2,6,1.0,136.837216775,1.05393848366,129.079060978
laifenqi,6,2,9,1.0,206.261180139,1.0,124.464530563
laifenqi,8,2,12,1.0,58.6654335515,1.0,79.864962906
laifenqi,6,2,12,1.0,170.197795404,1.0,367.049155491
laifenqi,5,999,999,1.0,9999.0,1.25,9999.0
laifenqi,6,999,999,1.0,9999.0,1.25,9999.0
laifenqi,8,999,999,1.0,9999.0,1.25,9999.0
laifenqi,999,999,999,1.0,9999.0,1.25,9999.0
