bs,type,fenqi_cycle,fenqi,migration_rate,migration_lose,risk_rate,risk_lose
laifenqi,5,2,12,1.0,14.7597127765,0.89,47.7031140945
laifenqi,5,1,1,1.0,359.572649888,0.89,1016.78308813
laifenqi,5,2,1,1.0,724.360688476,0.89,710.27832597
laifenqi,5,2,3,1.0,371.641402572,1.071,216.412851884
laifenqi,5,2,6,1.0,558.955641544,0.997,265.659450402
laifenqi,5,2,9,1.0,10.6798802246,0.89,67.1685495504
laifenqi,6,2,2,1.0,138.28159746,0.89,246.031319376
laifenqi,6,2,3,1.0,132.13916477,0.89,266.997698061
laifenqi,8,2,6,1.0,33.0638031377,1.049,31.5109402815
laifenqi,6,2,6,1.0,136.837216775,0.94,129.079060978
laifenqi,6,2,9,1.0,206.261180139,0.922,124.464530563
laifenqi,8,2,12,1.0,58.6654335515,0.89,79.864962906
laifenqi,6,2,12,1.0,170.197795404,0.89,367.049155491
